0.001100 184.932957
0.001101 138.621909
0.001102 81.475888
0.001103 235.958211
0.001104 16.061827
0.001106 81.649498
0.001107 234.501724
0.001108 175.834919
0.001109 156.595783
0.001110 -56.335226
0.001111 8.295071
0.001112 239.649924
0.001113 -13.362485
0.001114 22.990540
0.001115 242.858519
0.001117 98.183149
0.001118 76.666055
0.001119 59.090221
0.001120 76.352305
0.001121 38.939822
0.001122 181.303993
0.001123 78.298588
0.001124 100.496790
0.001125 8.902492
0.001126 96.850789
0.001128 332.647384
0.001129 18.233966
0.001130 135.101772
0.001131 243.546601
0.001132 43.670179
0.001133 217.154961
0.001134 0.617246
0.001135 200.657098
0.001136 130.824807
0.001137 -6.695728
0.001139 9.607558
0.001140 247.275856
0.001141 41.600854
0.001142 217.122940
0.001143 197.782955
0.001144 185.247686
0.001145 99.483087
0.001146 128.688750
0.001147 8.730643
0.001148 264.064967
0.001150 122.957799
0.001151 245.886875
0.001152 39.540350
0.001153 23.173491
0.001154 129.019487
0.001155 228.978852
0.001156 62.088869
0.001157 222.977455
0.001158 186.616821
0.001159 172.037980
0.001161 114.329287
0.001162 74.147724
0.001163 110.716090
0.001164 88.620118
0.001165 60.947161
0.001166 159.914641
0.001167 191.352982
0.001168 123.832453
0.001169 245.052611
0.001170 145.938778
0.001172 83.593374
0.001173 193.887652
0.001174 301.427249
0.001175 110.749731
0.001176 253.907050
0.001177 245.010950
0.001178 323.185159
0.001179 61.569061
0.001180 234.801758
0.001181 250.660163
0.001183 180.549430
0.001184 205.936313
0.001185 161.107269
0.001186 177.723694
0.001187 260.194879
0.001188 182.497334
0.001189 304.920265
0.001190 102.712655
0.001191 95.144661
0.001192 115.703455
0.001194 239.575314
0.001195 281.550318
0.001196 54.495878
0.001197 116.512116
0.001198 144.330573
0.001199 172.847427
0.001200 248.781068
0.001201 114.261532
0.001202 365.178180
0.001204 341.054683
0.001205 273.609937
0.001206 81.234164
0.001207 192.739059
0.001208 430.007426
0.001209 110.120366
0.001210 168.859166
0.001211 167.858631
0.001212 275.951752
0.001213 102.247045
0.001215 188.373525
0.001216 211.319103
0.001217 63.487509
0.001218 261.031655
0.001219 152.729103
0.001220 118.279728
0.001221 165.721633
0.001222 238.811095
0.001223 266.294460
0.001224 195.834023
0.001226 180.952183
0.001227 97.431340
0.001228 335.659159
0.001229 167.483416
0.001230 190.954638
0.001231 262.269770
0.001232 187.609043
0.001233 366.431511
0.001234 157.450677
0.001235 93.546334
0.001237 288.186787
0.001238 73.965563
0.001239 173.977131
0.001240 19.741226
0.001241 105.536439
0.001242 162.329343
0.001243 34.660308
0.001244 221.209980
0.001245 125.267989
0.001246 382.597580
0.001248 170.833102
0.001249 173.576669
0.001250 340.498441
0.001251 221.059646
0.001252 308.399651
0.001253 258.752107
0.001254 168.986215
0.001255 143.741939
0.001256 243.244373
0.001257 260.963191
0.001259 115.328848
0.001260 293.443077
0.001261 158.195048
0.001262 224.581323
0.001263 124.362543
0.001264 91.870038
0.001265 129.356132
0.001266 191.843305
0.001267 317.652738
0.001268 101.864699
0.001270 321.727095
0.001271 192.907477
0.001272 358.660057
0.001273 153.478476
0.001274 144.085010
0.001275 215.227599
0.001276 254.694946
0.001277 184.365550
0.001278 371.195436
0.001279 189.275812
0.001281 288.284858
0.001282 150.649336
0.001283 337.068692
0.001284 310.141300
0.001285 258.703470
0.001286 130.356368
0.001287 326.321181
0.001288 117.761325
0.001289 185.001435
0.001290 268.905141
0.001292 204.206537
0.001293 262.250470
0.001294 301.789106
0.001295 410.886091
0.001296 496.856459
0.001297 156.364580
0.001298 339.136443
0.001299 153.781733
0.001300 304.542158
0.001302 331.790633
0.001303 269.770031
0.001304 235.452577
0.001305 249.011377
0.001306 92.416922
0.001307 216.675398
0.001308 223.832926
0.001309 294.949316
0.001310 267.940393
0.001311 465.470980
0.001313 239.229364
0.001314 277.635443
0.001315 129.102390
0.001316 352.225205
0.001317 64.192358
0.001318 105.478263
0.001319 291.339740
0.001320 68.665350
0.001321 245.905174
0.001322 224.053826
0.001324 501.820069
0.001325 231.225076
0.001326 294.112619
0.001327 265.760143
0.001328 166.534848
0.001329 210.776524
0.001330 370.475911
0.001331 366.138061
0.001332 243.752076
0.001333 205.653793
0.001335 351.135234
0.001336 391.764604
0.001337 375.441693
0.001338 233.843682
0.001339 180.074390
0.001340 355.363966
0.001341 397.733107
0.001342 228.702409
0.001343 259.582794
0.001344 428.156607
0.001346 317.909718
0.001347 194.610633
0.001348 276.449660
0.001349 399.723389
0.001350 182.084265
0.001351 242.096170
0.001352 185.878262
0.001353 343.327312
0.001354 424.233266
0.001355 299.011861
0.001357 415.494553
0.001358 286.829132
0.001359 177.153962
0.001360 249.908775
0.001361 327.679213
0.001362 370.704710
0.001363 354.519299
0.001364 341.872377
0.001365 314.277922
0.001366 447.402405
0.001368 158.494410
0.001369 372.294822
0.001370 135.475387
0.001371 190.865908
0.001372 290.841675
0.001373 300.484690
0.001374 352.453781
0.001375 271.306180
0.001376 490.693321
0.001377 298.117169
0.001379 352.042739
0.001380 334.178612
0.001381 191.571624
0.001382 336.424480
0.001383 277.299354
0.001384 453.297561
0.001385 150.085673
0.001386 345.428213
0.001387 62.088358
0.001388 552.872615
0.001390 409.315816
0.001391 305.027528
0.001392 359.795736
0.001393 438.584499
0.001394 212.155379
0.001395 94.629248
0.001396 135.807657
0.001397 543.191984
0.001398 502.181953
0.001399 302.425308
0.001401 307.508150
0.001402 329.593315
0.001403 165.510006
0.001404 296.675887
0.001405 331.172476
0.001406 514.892471
0.001407 204.155513
0.001408 277.643570
0.001409 239.045904
0.001411 420.656743
0.001412 456.699291
0.001413 300.447108
0.001414 413.867182
0.001415 309.149952
0.001416 237.558558
0.001417 298.598616
0.001418 291.970052
0.001419 445.105064
0.001420 514.178561
0.001422 389.292330
0.001423 566.898669
0.001424 333.251381
0.001425 438.153855
0.001426 363.384137
0.001427 482.687757
0.001428 454.161752
0.001429 346.609153
0.001430 400.403518
0.001431 204.458564
0.001433 420.139537
0.001434 318.112546
0.001435 370.433346
0.001436 325.719784
0.001437 403.098306
0.001438 471.277823
0.001439 375.816886
0.001440 240.838637
0.001441 569.683410
0.001442 290.049684
0.001444 323.867022
0.001445 428.854797
0.001446 285.537452
0.001447 420.663975
0.001448 249.662666
0.001449 587.605788
0.001450 560.777198
0.001451 382.394698
0.001452 369.986894
0.001453 417.198492
0.001455 301.786451
0.001456 437.666899
0.001457 554.885596
0.001458 282.949601
0.001459 386.322689
0.001460 534.926046
0.001461 463.738088
0.001462 345.464858
0.001463 260.182963
0.001464 245.933152
0.001466 464.093295
0.001467 552.299370
0.001468 370.329927
0.001469 409.247761
0.001470 382.802827
0.001471 441.154988
0.001472 412.734153
0.001473 542.870917
0.001474 407.366236
0.001475 408.747553
0.001477 510.899977
0.001478 498.722756
0.001479 429.275764
0.001480 419.520701
0.001481 321.899854
0.001482 314.202640
0.001483 300.874788
0.001484 560.499813
0.001485 383.653114
0.001486 428.040057
0.001488 430.841409
0.001489 201.433981
0.001490 384.108092
0.001491 341.575466
0.001492 477.464161
0.001493 358.717872
0.001494 175.014147
0.001495 457.737508
0.001496 295.989392
0.001497 392.319599
0.001499 519.168478
0.001500 407.414016
0.001501 400.524611
0.001502 562.146514
0.001503 516.762547
0.001504 353.478950
0.001505 369.248852
0.001506 331.591260
0.001507 448.614100
0.001509 169.026010
0.001510 380.338869
0.001511 413.212882
0.001512 601.773100
0.001513 345.935369
0.001514 421.118300
0.001515 465.133669
0.001516 306.403464
0.001517 484.731331
0.001518 420.087278
0.001520 382.886715
0.001521 404.513154
0.001522 250.602615
0.001523 403.730909
0.001524 319.068160
0.001525 553.751506
0.001526 408.690036
0.001527 522.631645
0.001528 413.864586
0.001529 506.388592
0.001531 261.132863
0.001532 447.457678
0.001533 333.725706
0.001534 292.665698
0.001535 353.177864
0.001536 635.931876
0.001537 377.021549
0.001538 312.261710
0.001539 470.731051
0.001540 276.175329
0.001542 483.717669
0.001543 405.182100
0.001544 306.455944
0.001545 393.114682
0.001546 645.914993
0.001547 523.730195
0.001548 213.856289
0.001549 301.110169
0.001550 434.222021
0.001551 348.413659
0.001553 314.176629
0.001554 293.765468
0.001555 301.003847
0.001556 344.149647
0.001557 314.838560
0.001558 426.942349
0.001559 403.455814
0.001560 554.472074
0.001561 415.751436
0.001562 207.652447
0.001564 498.418406
0.001565 507.652744
0.001566 334.633574
0.001567 318.330551
0.001568 551.441910
0.001569 322.339060
0.001570 474.009335
0.001571 479.473686
0.001572 396.043655
0.001573 562.406695
0.001575 583.878591
0.001576 432.383564
0.001577 469.518807
0.001578 582.306135
0.001579 431.269241
0.001580 488.533940
0.001581 295.880631
0.001582 272.121198
0.001583 424.661606
0.001584 446.298036
0.001586 438.418885
0.001587 405.062652
0.001588 288.170022
0.001589 459.573493
0.001590 455.141663
0.001591 553.543292
0.001592 324.547990
0.001593 363.129784
0.001594 555.131447
0.001595 525.616647
0.001597 435.891601
0.001598 356.414488
0.001599 368.303884
0.001600 348.176287
0.001601 460.572443
0.001602 388.918838
0.001603 446.651300
0.001604 524.198980
0.001605 442.540475
0.001607 571.588456
0.001608 278.465028
0.001609 406.255060
0.001610 503.080017
0.001611 505.318056
0.001612 467.431585
0.001613 510.252284
0.001614 515.732266
0.001615 367.466881
0.001616 662.847741
0.001618 409.588273
0.001619 477.591238
0.001620 301.182171
0.001621 342.992634
0.001622 404.520814
0.001623 406.061010
0.001624 520.652000
0.001625 586.698014
0.001626 467.941020
0.001627 488.183373
0.001629 427.590494
0.001630 421.766107
0.001631 485.327978
0.001632 633.387556
0.001633 558.206998
0.001634 571.432856
0.001635 354.937812
0.001636 428.822743
0.001637 516.960452
0.001638 621.385367
0.001640 577.145356
0.001641 485.684702
0.001642 408.912896
0.001643 542.460780
0.001644 554.272754
0.001645 450.462589
0.001646 581.696579
0.001647 492.620966
0.001648 550.041005
0.001649 554.577484
0.001651 583.014089
0.001652 266.817609
0.001653 402.501087
0.001654 371.339659
0.001655 377.941258
0.001656 478.494674
0.001657 654.387843
0.001658 481.917832
0.001659 511.809325
0.001660 593.069434
0.001662 433.372209
0.001663 526.336636
0.001664 634.040846
0.001665 441.932756
0.001666 451.273139
0.001667 559.406082
0.001668 349.398247
0.001669 489.963874
0.001670 508.535273
0.001671 586.414100
0.001673 383.429226
0.001674 401.166937
0.001675 388.497000
0.001676 515.717068
0.001677 375.723158
0.001678 615.447134
0.001679 419.863056
0.001680 569.140399
0.001681 369.840650
0.001682 571.486845
0.001684 646.682545
0.001685 402.807421
0.001686 344.917570
0.001687 604.842674
0.001688 367.070126
0.001689 485.552711
0.001690 479.358672
0.001691 644.676086
0.001692 324.131529
0.001693 499.538793
0.001695 540.285052
0.001696 549.799139
0.001697 566.000404
0.001698 389.993845
0.001699 501.791043
0.001700 595.253156
0.001701 642.862858
0.001702 345.470204
0.001703 354.943908
0.001705 483.198407
0.001706 411.737474
0.001707 475.518187
0.001708 605.017590
0.001709 476.572052
0.001710 442.148921
0.001711 329.128929
0.001712 409.773992
0.001713 638.631877
0.001714 622.750597
0.001716 392.557684
0.001717 456.779668
0.001718 458.495626
0.001719 386.924770
0.001720 325.361962
0.001721 408.668601
0.001722 521.021961
0.001723 450.088595
0.001724 503.844081
0.001725 585.630006
0.001727 568.074464
0.001728 687.374926
0.001729 413.410531
0.001730 457.888976
0.001731 532.559476
0.001732 666.750328
0.001733 401.497982
0.001734 498.047250
0.001735 507.818889
0.001736 484.473122
0.001738 377.133868
0.001739 351.036007
0.001740 474.713058
0.001741 484.023224
0.001742 471.990118
0.001743 592.833403
0.001744 451.214140
0.001745 596.427327
0.001746 546.107406
0.001747 594.962083
0.001749 462.574978
0.001750 425.670163
0.001751 521.850213
0.001752 775.646541
0.001753 612.936584
0.001754 443.960341
0.001755 616.069648
0.001756 546.003729
0.001757 541.039217
0.001758 544.190416
0.001760 577.222157
0.001761 548.599825
0.001762 435.886326
0.001763 573.859971
0.001764 314.890869
0.001765 545.214044
0.001766 556.557776
0.001767 438.089651
0.001768 536.144017
0.001769 501.755752
0.001771 544.914080
0.001772 262.479601
0.001773 551.327898
0.001774 655.069063
0.001775 621.326863
0.001776 539.871596
0.001777 698.529588
0.001778 377.191238
0.001779 565.548748
0.001780 484.076407
0.001782 487.091194
0.001783 459.112973
0.001784 650.497948
0.001785 454.521830
0.001786 450.560741
0.001787 355.946902
0.001788 442.744995
0.001789 543.505497
0.001790 537.208794
0.001791 793.462989
0.001793 769.276420
0.001794 498.963582
0.001795 464.515201
0.001796 649.777309
0.001797 471.593475
0.001798 657.113672
0.001799 515.918322
0.001800 493.629913
0.001801 549.447214
0.001803 594.997801
0.001804 544.865528
0.001805 649.633071
0.001806 469.441763
0.001807 561.020021
0.001808 494.548454
0.001809 405.038756
0.001810 298.238123
0.001811 584.387510
0.001812 500.583758
0.001814 576.584138
0.001815 622.513468
0.001816 627.814039
0.001817 490.722917
0.001818 734.549435
0.001819 666.338940
0.001820 533.905076
0.001821 600.906214
0.001822 490.108000
0.001823 620.945486
0.001825 635.777444
0.001826 564.399205
0.001827 600.740299
0.001828 698.025063
0.001829 697.781697
0.001830 650.963933
0.001831 760.139752
0.001832 591.746567
0.001833 467.003597
0.001834 622.653348
0.001836 523.267783
0.001837 533.662556
0.001838 484.483883
0.001839 572.831455
0.001840 783.796583
0.001841 706.192903
0.001842 491.390599
0.001843 589.001087
0.001844 573.149864
0.001845 687.970076
0.001847 367.888621
0.001848 602.876539
0.001849 528.518029
0.001850 507.040869
0.001851 601.982037
0.001852 558.065029
0.001853 674.131463
0.001854 385.020921
0.001855 784.358754
0.001856 489.146617
0.001858 551.301288
0.001859 650.132152
0.001860 612.434557
0.001861 432.100784
0.001862 445.671926
0.001863 608.989638
0.001864 632.952593
0.001865 615.930677
0.001866 738.187625
0.001867 545.352613
0.001869 507.612075
0.001870 364.689055
0.001871 545.221229
0.001872 630.844829
0.001873 652.001414
0.001874 559.969676
0.001875 625.665299
0.001876 542.041434
0.001877 505.299746
0.001878 720.855155
0.001880 688.866577
0.001881 481.658433
0.001882 584.089333
0.001883 755.648155
0.001884 585.066139
0.001885 479.268582
0.001886 617.782085
0.001887 606.631873
0.001888 720.195821
0.001889 579.698720
0.001891 479.486694
0.001892 643.490497
0.001893 704.373369
0.001894 566.868205
0.001895 511.881690
0.001896 531.565402
0.001897 598.241527
0.001898 710.309610
0.001899 638.527538
0.001901 734.113626
0.001902 542.609758
0.001903 719.760836
0.001904 557.164231
0.001905 600.322444
0.001906 628.238100
0.001907 533.763233
0.001908 650.039412
0.001909 648.908128
0.001910 396.788174
0.001912 587.814028
0.001913 643.133466
0.001914 812.991582
0.001915 684.175253
0.001916 614.301700
0.001917 612.408183
0.001918 734.952460
0.001919 537.441880
0.001920 555.537361
0.001921 549.412016
0.001923 508.050447
0.001924 552.043354
0.001925 590.678098
0.001926 683.083359
0.001927 601.768338
0.001928 613.573503
0.001929 768.502750
0.001930 533.746434
0.001931 608.538105
0.001932 372.164852
0.001934 633.783710
0.001935 675.566465
0.001936 600.028172
0.001937 561.942131
0.001938 574.349827
0.001939 481.003660
0.001940 511.536025
0.001941 735.098649
0.001942 546.924073
0.001943 648.957656
0.001945 697.225145
0.001946 609.367428
0.001947 684.482782
0.001948 486.562496
0.001949 611.705039
0.001950 473.138428
0.001951 530.591383
0.001952 757.893227
0.001953 696.342850
0.001954 592.256995
0.001956 752.434148
0.001957 611.299187
0.001958 563.611222
0.001959 526.745415
0.001960 661.981371
0.001961 816.933962
0.001962 394.331973
0.001963 604.623437
0.001964 748.973458
0.001965 645.960673
0.001967 719.395893
0.001968 765.594559
0.001969 676.160673
0.001970 611.384115
0.001971 537.377414
0.001972 615.641925
0.001973 576.512288
0.001974 457.889553
0.001975 677.674096
0.001976 629.300211
0.001978 616.470957
0.001979 466.927478
0.001980 458.034210
0.001981 549.882494
0.001982 580.331671
0.001983 528.633949
0.001984 758.102878
0.001985 671.208841
0.001986 567.353623
0.001987 494.988767
0.001989 560.204925
0.001990 908.607972
0.001991 718.997037
0.001992 646.686941
0.001993 638.844874
0.001994 812.502757
0.001995 757.726038
0.001996 898.480736
0.001997 616.017433
0.001998 617.387015
0.002000 743.732863
0.002001 595.826093
0.002002 656.215033
0.002003 519.016466
0.002004 677.582504
0.002005 705.379203
0.002006 617.779784
0.002007 699.078807
0.002008 702.901082
0.002010 625.141262
0.002011 681.352191
0.002012 646.559188
0.002013 742.757269
0.002014 749.189466
0.002015 667.095202
0.002016 760.282808
0.002017 706.695624
0.002018 612.449568
0.002019 561.460845
0.002021 662.750988
0.002022 614.881773
0.002023 880.729771
0.002024 581.339278
0.002025 695.893513
0.002026 726.768794
0.002027 619.293248
0.002028 579.576005
0.002029 685.665017
0.002030 574.690782
0.002032 645.097572
0.002033 651.373761
0.002034 632.620071
0.002035 532.356115
0.002036 513.235930
0.002037 655.120117
0.002038 618.033943
0.002039 357.296402
0.002040 647.254686
0.002041 603.018066
0.002043 595.726389
0.002044 843.538700
0.002045 658.449775
0.002046 688.141805
0.002047 601.294627
0.002048 566.572658
0.002049 684.220451
0.002050 758.065398
0.002051 626.766199
0.002052 561.536114
0.002054 752.360293
0.002055 518.958076
0.002056 591.791325
0.002057 649.966530
0.002058 599.150246
0.002059 461.539791
0.002060 559.066147
0.002061 620.867572
0.002062 712.431028
0.002063 640.301176
0.002065 754.479562
0.002066 724.366135
0.002067 723.758671
0.002068 671.155655
0.002069 864.335430
0.002070 641.304632
0.002071 448.971146
0.002072 550.407780
0.002073 472.507199
0.002074 764.154347
0.002076 770.082496
0.002077 709.979388
0.002078 693.913222
0.002079 795.286452
0.002080 579.804482
0.002081 538.188309
0.002082 785.981598
0.002083 609.125555
0.002084 542.143983
0.002085 759.630511
0.002087 624.839920
0.002088 636.121157
0.002089 650.296676
0.002090 680.731675
0.002091 706.770809
0.002092 726.284314
0.002093 653.439707
0.002094 836.881576
0.002095 655.869691
0.002096 569.781224
0.002098 746.563015
0.002099 795.910939
0.002100 623.249884
0.002101 841.372354
0.002102 667.728038
0.002103 607.267677
0.002104 550.417399
0.002105 709.968025
0.002106 623.601247
0.002108 603.120188
0.002109 642.085851
0.002110 685.892854
0.002111 777.359263
0.002112 552.194773
0.002113 674.613692
0.002114 562.988513
0.002115 661.935009
0.002116 749.352324
0.002117 617.910996
0.002119 786.248533
0.002120 605.501866
0.002121 596.898708
0.002122 609.033230
0.002123 606.269239
0.002124 809.852030
0.002125 726.294329
0.002126 876.370749
0.002127 651.283253
0.002128 801.881091
0.002130 694.921986
0.002131 752.768961
0.002132 404.047503
0.002133 739.234413
0.002134 545.063637
0.002135 800.975584
0.002136 624.833232
0.002137 713.304807
0.002138 644.207068
0.002139 677.914446
0.002141 725.897905
0.002142 780.034588
0.002143 722.406142
0.002144 740.213225
0.002145 736.469152
0.002146 676.671124
0.002147 608.998719
0.002148 634.564543
0.002149 680.905934
0.002150 516.501271
0.002152 646.453793
0.002153 689.236742
0.002154 696.430727
0.002155 556.708025
0.002156 786.576866
0.002157 634.384234
0.002158 612.388922
0.002159 697.758848
0.002160 721.078079
0.002161 776.340175
0.002163 655.649323
0.002164 656.769836
0.002165 741.868561
0.002166 623.611386
0.002167 657.746222
0.002168 696.743604
0.002169 598.395001
0.002170 625.788692
0.002171 573.424096
0.002172 884.632657
0.002174 609.815547
0.002175 783.192685
0.002176 653.811172
0.002177 678.327895
0.002178 674.178682
0.002179 720.438866
0.002180 674.084905
0.002181 801.694133
0.002182 819.196285
0.002183 671.811606
0.002185 636.888760
0.002186 801.560751
0.002187 707.622230
0.002188 563.426042
0.002189 675.438812
0.002190 554.289846
0.002191 503.587580
0.002192 688.846507
0.002193 580.737614
0.002194 689.611243
0.002196 652.709039
0.002197 663.512279
0.002198 598.797874
0.002199 742.387760
0.002200 737.930158
